40 80
0 0.8 1.35 1.7 2.4 3.45 3.35 3.6 4.35 4.9 5.8 6.2 6.05 6.5 7.45 8.25 8.4 9.25 9.1 10.4 10.55 11.6 12.65 14.6 15.75 16.65 18.75 19.15 21.25 21.75 22.75 24.75 25.8 27 27.6 29.1 30.65 32.15 33.2 34.15 35.9 35.65 36.6 36.65 36.6 37.05 37.2 37 37.05 37.55 38.2 37.95 38.2 39.25 39.5 39.3 39.6 39.85 40.6 40.15 40.45 41.2 41.4 41.65 41.2 41.55 42 42.35 43 42.7 42.75 43.4 43.25 44.1 43.8 44.75 44.25 44.5 44.8 45.45 
0 1.42562 1.60125 2.37687 2.3025 2.57813 3.00375 3.77938 3.905 5.28062 4.85625 5.38188 5.9075 6.33313 7.55875 8.18437 8.06 8.93563 9.06125 9.13688 10.4125 11.5881 12.3137 13.3394 15.215 15.9406 17.0163 18.8419 20.3175 21.4931 22.2687 23.8944 24.92 26.3956 27.0713 28.2469 29.9225 31.3981 31.7738 33.2994 34.675 34.9506 35.1263 35.4519 35.3775 35.7531 35.8288 36.0544 36.43 36.7056 36.5313 36.7569 37.2825 37.9081 37.4338 37.5094 38.285 38.8106 38.3363 38.5119 39.0875 39.2131 39.3387 39.7144 39.69 40.5656 40.5413 40.2169 40.7925 41.4681 41.2938 41.5694 41.845 41.9206 42.1963 42.0219 42.2475 43.0231 43.0987 42.9744 
0 1.0025 1.855 2.0075 2.46 2.9125 3.665 3.8675 4.47 5.0725 4.625 5.8775 6.03 6.3325 6.785 7.0875 7.54 8.4925 8.345 9.1975 9.4 10.4525 11.705 12.8075 14.11 15.6625 17.015 17.8675 19.22 20.2225 21.475 22.7275 24.28 24.7825 26.985 27.3875 29.39 30.0425 31.495 32.7475 34.1 33.8525 34.255 34.3575 34.61 34.6625 35.215 35.3175 35.52 35.6725 35.225 35.6275 36.38 36.7325 36.635 36.5875 36.89 37.3425 37.595 37.0975 37.65 37.4525 38.355 38.3575 38.41 38.3625 38.915 39.4175 39.67 39.1725 39.725 40.1275 40.08 40.4325 40.135 40.5875 40.84 41.1925 41.345 41.1475 
0 1.08063 1.41125 1.54188 1.9725 2.45313 2.98375 3.41437 3.845 4.17562 4.75625 4.83687 5.9175 6.34812 6.97875 7.10938 7.04 7.42062 8.40125 8.58187 9.1625 10.3431 11.0738 12.8044 13.735 15.0156 16.3962 17.8269 18.2575 19.5881 21.0688 21.9994 23.83 24.8606 25.3913 26.9719 28.4525 29.3331 30.0637 31.8444 32.275 33.2056 32.9863 33.3669 33.0975 33.5781 34.0588 34.3894 34.12 34.3506 34.6312 34.7619 34.7925 35.0731 35.6538 35.5844 35.865 36.0456 35.5262 36.1569 36.0375 36.6681 36.7987 36.4294 37.01 36.8906 37.1213 37.9019 37.6825 38.0631 37.6937 38.3244 38.255 38.3856 38.7163 39.0969 39.6775 39.4081 39.4888 39.9194 
0 1.11 1.52 1.58 2.34 2.8 2.66 3.77 3.68 3.79 4.4 5.06 5.02 5.98 6.29 6.85 6.76 7.12 8.13 8.54 8.95 9.41 11.37 12.53 13.44 14.5 15.91 16.62 18.08 19.24 20.5 21.26 23.17 23.83 24.94 26.05 27.36 28.17 29.78 31.09 32.15 31.96 32.12 32.18 32.14 32.5 32.56 33.07 33.43 32.94 33.45 33.96 33.77 33.93 34.04 34.65 34.06 34.12 34.98 35.04 35.4 35.36 35.67 35.68 35.89 36.1 35.71 36.22 35.98 36.84 36.9 36.86 36.77 37.53 37.29 37.85 37.36 37.72 38.33 37.94 
0 0.840625 0.88125 1.77188 1.8625 2.50312 2.89375 3.48438 3.775 3.71563 4.55625 4.94688 4.8375 5.52812 5.56875 6.10938 6.6 6.84062 7.18125 7.82188 8.1125 9.80313 10.7937 11.9844 13.225 13.8156 15.4063 16.7469 17.2375 18.4281 19.9688 20.7094 22.35 23.4906 24.2813 25.6719 26.8625 27.9531 28.5938 30.0844 30.825 31.1656 31.3062 31.6469 31.2375 32.0781 31.8188 32.1594 32 32.4906 32.4813 32.4719 33.0125 32.9031 33.1937 32.8344 33.325 33.5156 34.0062 33.8969 34.1375 34.2781 34.4188 34.0594 34.45 34.7906 34.8312 34.7219 34.7125 35.1031 35.1437 35.4844 35.175 35.9156 36.1063 36.2469 36.3875 36.5781 36.6188 36.7094 
0 0.8225 1.395 1.4175 1.84 2.5125 2.835 3.2075 3.23 3.7525 3.925 4.6975 4.77 5.5425 5.665 5.9875 6.31 6.5325 7.355 7.4275 7.65 9.4225 9.845 10.8675 12.14 13.2625 14.585 15.6575 16.98 17.9025 18.975 20.0475 21.67 22.1925 23.765 24.8375 26.26 27.2825 28.005 29.2775 30.55 30.7225 30.745 30.7175 30.69 30.6125 30.735 31.3575 31.18 31.1025 31.575 31.5475 31.92 31.9925 31.965 32.2375 32.56 32.7825 32.455 32.6775 32.65 33.0225 32.595 33.3675 32.89 33.1625 33.085 33.2575 33.68 33.9525 34.275 33.9475 34.62 34.5925 34.515 34.3875 34.91 34.4825 34.855 35.2775 
0 0.405625 1.11125 1.51688 2.1725 1.97812 2.88375 2.53938 3.545 3.35063 3.55625 3.96187 4.5675 4.92312 5.42875 6.08437 5.74 6.09562 6.85125 7.25688 7.7625 8.86812 9.87375 10.9294 11.985 13.1406 14.2463 15.4519 16.7575 18.0131 18.3687 19.9744 20.88 21.9356 22.6413 24.2969 25.6525 26.2081 27.5637 28.4194 29.625 29.4306 29.5363 29.7919 30.2975 30.3031 30.5088 30.4644 30.27 30.2756 30.3312 30.7869 30.8425 30.9981 30.7537 31.1594 31.465 31.2706 31.7262 31.4319 31.7875 31.4931 31.9988 32.4044 32.11 32.2656 32.5213 32.4269 32.9325 32.4381 32.3937 32.5494 32.655 33.1106 33.4163 33.1219 33.2275 33.4331 33.6387 33.4944 
0 0.74 1.13 1.57 1.76 2.15 2.59 2.53 3.27 3.21 3.65 3.94 4.18 5.12 5.16 5.15 5.89 6.38 6.37 6.81 7.4 8.49 9.58 10.67 11.56 12.25 13.84 14.88 16.27 16.91 18.15 19.14 20.13 21.42 22.16 23.7 24.44 25.68 26.87 28.01 29.25 29.29 29.13 28.97 29.11 29.1 29.79 29.63 30.02 30.01 29.9 29.74 29.83 30.32 30.36 30.4 30.64 30.28 30.32 31.01 30.95 30.84 31.13 31.12 31.01 30.9 31.39 31.43 31.77 31.76 31.5 31.64 31.98 31.92 32.01 31.95 32.54 32.33 32.12 32.21 
0 0.625625 0.90125 1.37687 1.6525 1.97812 2.45375 2.57938 3.005 3.18062 3.25625 3.68187 4.5575 4.38312 4.90875 5.08437 5.66 5.53562 6.46125 6.73688 7.3125 8.18812 9.11375 10.0394 11.065 12.0406 13.2662 14.8419 15.5175 16.9431 17.5187 18.3444 19.57 21.1456 22.0212 22.9469 24.1225 25.2481 26.1737 27.6494 28.375 28.3006 28.6763 28.4019 28.5275 28.8531 28.8787 29.1044 29.23 28.8556 29.0313 29.3569 29.1325 29.4081 29.5837 29.4094 29.785 29.8106 29.7863 29.8619 29.9875 29.6131 30.0887 30.0644 30.39 30.2156 30.4913 30.4169 30.6425 30.6181 30.8937 30.7194 30.595 30.7706 30.6963 31.2719 30.9975 31.1231 31.5487 31.3744 
0 0.7625 0.975 1.2375 1.35 1.8625 2.175 2.7375 3 2.9625 3.725 3.7375 4.05 4.6625 4.725 5.1375 5 5.4625 5.825 6.3875 6.75 8.0125 8.525 9.8375 10.95 12.1625 12.825 13.8375 15.15 16.2625 17.025 18.5375 19.6 20.7625 21.625 22.8375 23.75 24.6625 25.775 26.8375 27.5 28.0125 27.925 28.0375 27.9 28.3125 28.225 28.4375 28.1 28.1625 28.475 28.3875 28.45 28.7625 28.875 28.9375 28.5 28.7625 29.025 28.9875 28.9 29.1625 29.325 29.3375 29.3 29.6625 29.525 29.3375 29.5 29.7625 29.475 29.5875 29.8 30.0125 29.975 30.0375 30.2 30.0125 30.275 30.4875 
0 0.500625 0.60125 1.20187 1.3025 1.60312 2.05375 2.15438 2.755 3.00563 3.25625 3.50688 4.1575 4.25812 4.60875 4.80937 5.16 5.56063 5.71125 6.16187 6.6625 7.76312 8.71375 9.41438 10.765 11.7656 12.7162 13.8169 15.0675 15.7681 16.7687 17.9194 18.87 20.2206 21.1712 22.3719 23.2225 24.2731 25.1238 26.4244 27.025 27.3256 27.3263 27.3269 27.6275 27.2781 27.8288 27.7294 27.43 27.6306 27.7313 27.9819 27.9825 28.2331 27.9837 27.8344 27.935 28.2356 27.9363 28.2369 28.4375 28.1881 28.3387 28.3894 28.24 28.6406 28.4912 28.8919 28.9425 28.7931 28.6938 28.7944 28.945 28.6956 29.0462 29.2469 28.9475 29.0481 29.2488 29.1994 
0 0.69 0.83 1.37 1.41 1.7 2.09 2.03 2.82 3.06 2.9 3.54 3.68 4.02 4.41 4.55 4.94 4.98 5.62 5.76 6.4 6.89 7.93 9.27 10.31 11.45 12.39 13.13 14.72 15.61 16.2 17.74 18.83 19.62 20.46 21.75 22.89 23.73 24.92 25.86 26.6 26.84 26.83 27.02 26.96 27.05 27.29 26.93 26.97 27.16 27.5 27.04 27.13 27.52 27.41 27.65 27.39 27.53 27.57 27.51 27.5 27.84 27.63 27.77 27.76 27.7 27.79 27.83 28.12 28.26 28.2 27.89 28.28 28.27 28.21 28.5 28.54 28.58 28.32 28.21 
0 0.530625 0.96125 1.09187 1.3725 1.75312 1.73375 2.21438 2.445 2.62563 3.25625 3.08687 3.7675 3.74813 4.12875 4.45937 4.94 5.02063 5.15125 5.53188 5.9625 7.09312 7.97375 8.95438 9.985 11.3156 11.9462 12.9769 14.0575 15.2381 16.1187 17.2994 18.28 19.6606 20.5413 21.1719 22.4025 23.2831 24.3137 25.2944 26.625 26.4556 26.6863 26.4669 26.7975 26.6281 26.4587 26.6394 26.77 26.8506 26.9312 26.7619 26.5925 26.9231 26.7537 26.6844 26.815 26.8456 27.0262 27.1069 26.9875 27.1681 27.3487 27.1794 27.21 27.2906 27.4212 27.2019 27.3325 27.3631 27.2938 27.4244 27.255 27.2356 27.3662 27.5469 27.7775 27.4581 27.4387 27.8694 
0 0.5725 0.645 1.1175 1.24 1.6125 1.985 2.1075 2.38 2.4525 2.725 3.2475 3.32 3.6925 3.965 4.3375 4.76 4.7825 5.155 5.5275 5.7 7.0225 7.745 9.0675 9.79 10.8125 11.935 12.9575 14.23 15.0025 15.925 17.0475 18.02 18.8425 19.965 21.0875 22.16 22.8825 24.105 25.2275 26.05 25.9225 26.095 26.1675 26.14 26.0125 26.285 26.3075 26.18 26.1525 26.425 26.3975 26.27 26.5425 26.215 26.2875 26.56 26.2825 26.705 26.6275 26.7 26.6725 26.595 26.7175 26.44 26.6125 26.635 26.6075 26.68 26.8525 26.775 26.9975 26.82 26.6925 27.065 26.9375 26.76 26.7825 27.055 26.8775 
0 0.465625 0.68125 0.896875 1.1625 1.52813 1.89375 2.00938 2.475 2.59063 3.00625 3.12188 3.4375 3.55312 4.06875 4.18437 4.55 4.71562 4.98125 5.29688 5.7125 6.52812 7.59375 8.35938 9.475 10.4906 11.4063 12.6219 13.7875 14.8031 15.4688 16.8344 17.7 18.6656 19.8813 20.6469 22.0125 22.8281 23.7437 24.9094 25.775 25.8406 25.7563 25.7219 25.7875 25.7031 25.8188 25.8844 25.9 25.9656 25.8813 25.8969 26.0125 25.9281 26.0938 25.8594 26.075 26.0906 26.2563 26.1719 26.1375 26.2031 26.0187 26.2344 26.15 26.1156 26.3813 26.2969 26.3125 26.1781 26.1938 26.1094 26.375 26.2406 26.4063 26.4219 26.3375 26.4531 26.3687 26.2344 
0 0.56 0.67 0.88 1.09 1.5 1.71 1.97 2.18 2.54 2.9 3.01 3.32 3.63 3.84 4.2 4.46 4.62 4.78 5.14 5.3 6.51 7.67 8.28 9.59 10.65 11.46 12.32 13.58 14.54 15.3 16.41 17.47 18.83 19.49 20.55 21.56 22.52 23.38 24.84 25.5 25.46 25.67 25.58 25.54 25.65 25.61 25.52 25.63 25.49 25.65 25.56 25.62 25.68 25.69 25.65 25.76 25.82 25.73 25.69 25.85 25.61 25.87 25.63 25.64 25.85 25.81 25.77 25.78 25.89 25.95 25.91 25.82 26.03 26.04 25.8 26.06 25.87 25.93 25.89 
0 0.505625 0.66125 0.916875 1.1225 1.37812 1.63375 1.88937 2.295 2.50062 2.75625 2.81188 3.1675 3.52312 3.67875 4.03438 4.19 4.49563 4.75125 4.95687 5.4625 6.31812 7.32375 8.57938 9.485 10.2406 11.5962 12.5019 13.2075 14.3131 15.4187 16.5244 17.43 18.3356 19.2412 20.1969 21.2025 22.4081 23.5637 24.3194 25.475 25.2806 25.2862 25.3419 25.3475 25.3531 25.3587 25.4144 25.52 25.4756 25.4813 25.3869 25.4425 25.4481 25.4037 25.4594 25.565 25.5206 25.5763 25.5819 25.4875 25.3431 25.3487 25.6044 25.46 25.4656 25.4713 25.5269 25.3825 25.4881 25.4438 25.5494 25.605 25.5106 25.6663 25.6719 25.4275 25.4831 25.5888 25.6444 
0 0.3525 0.655 0.7575 1.01 1.3625 1.565 1.9675 2.22 2.3225 2.625 2.9275 3.13 3.3825 3.685 3.9875 4.19 4.3925 4.645 4.9475 5.25 6.3525 7.205 8.2075 9.16 10.3125 11.165 12.2675 13.32 14.4225 15.225 16.1275 17.38 18.3325 19.085 20.0875 21.49 22.1925 23.395 24.4475 25.3 25.2025 25.255 25.3075 25.31 25.1625 25.115 25.2675 25.32 25.1725 25.225 25.2275 25.18 25.1825 25.135 25.1375 25.29 25.1925 25.145 25.3475 25.25 25.3025 25.255 25.3075 25.26 25.1625 25.265 25.3175 25.22 25.3225 25.175 25.2775 25.23 25.1825 25.185 25.1875 25.29 25.2925 25.345 25.3975 
0 0.300625 0.55125 0.901875 1.1525 1.40313 1.60375 1.80438 2.055 2.40563 2.60625 2.75688 3.1075 3.30813 3.65875 3.85938 4.06 4.36062 4.61125 4.91187 5.1625 6.11312 7.36375 8.31437 9.265 10.3656 11.0162 12.2169 13.0675 14.0681 15.3188 16.1694 17.12 18.1206 19.1712 20.2719 21.0225 22.1731 23.2237 24.3244 25.125 25.0756 25.1262 25.1269 25.1775 25.1281 25.1287 25.1794 25.18 25.0806 25.1313 25.1819 25.0825 25.1331 25.0837 25.0844 25.135 25.0356 25.0362 25.1369 25.1375 25.1881 25.0387 25.1394 25.19 25.0406 25.1413 25.0919 25.0925 25.1431 25.0438 25.1444 25.145 25.0456 25.0963 25.0469 25.1975 25.1481 25.1987 25.1494 
0 0.35 0.6 0.85 1.1 1.25 1.6 1.75 2.1 2.25 2.6 2.85 3 3.35 3.6 3.75 4.1 4.25 4.5 4.85 5.2 6.3 7.1 8 9.1 10 11.3 12 13.3 14.2 15.1 16.3 17.1 18.2 19.1 20.1 21.3 22.2 23.3 24 25 25.1 25.1 25.1 25.1 25 25.1 25.1 25.1 25.1 25.1 25 25.1 25 25.1 25 25 25 25.1 25 25 25 25 25 25 25 25 25 25.1 25 25.1 25.1 25.1 25.1 25.1 25 25.1 25 25 25.1 
0 0.300625 0.50125 0.901875 1.0025 1.35312 1.55375 1.90437 2.055 2.30562 2.65625 2.90687 3.0075 3.25813 3.60875 3.80938 4.16 4.26062 4.66125 4.91187 5.0625 6.01312 7.16375 8.01437 9.015 10.3156 11.2662 12.1669 13.2675 14.3681 15.2688 16.3694 17.37 18.2206 19.1213 20.2219 21.3225 22.2731 23.3738 24.0744 25.125 25.0256 25.0263 25.1269 25.0775 25.0281 25.1787 25.1294 25.03 25.1306 25.1313 25.1819 25.1825 25.1331 25.1838 25.0844 25.085 25.1856 25.0362 25.1369 25.1375 25.1881 25.1388 25.1894 25.09 25.1406 25.1413 25.0419 25.0425 25.1431 25.1938 25.1444 25.045 25.0956 25.1963 25.0969 25.1475 25.0981 25.0487 25.0994 
0 0.3025 0.705 0.8575 1.16 1.3625 1.615 1.8675 2.12 2.3725 2.725 2.9775 3.03 3.3825 3.635 3.8875 4.24 4.2925 4.745 4.8975 5.35 6.3025 7.155 8.1575 9.36 10.2125 11.315 12.2675 13.17 14.3225 15.275 16.3275 17.48 18.3825 19.185 20.2375 21.19 22.0925 23.195 24.0975 25.2 25.1025 25.105 25.3075 25.31 25.2625 25.315 25.1675 25.17 25.3225 25.225 25.2775 25.23 25.2325 25.135 25.1375 25.14 25.2425 25.345 25.1975 25.25 25.3525 25.305 25.2575 25.36 25.3625 25.215 25.2175 25.37 25.2225 25.275 25.2775 25.38 25.3325 25.285 25.2875 25.29 25.1925 25.195 25.3475 
0 0.255625 0.56125 0.916875 1.1725 1.47812 1.63375 1.83938 2.145 2.50062 2.60625 2.96187 3.0675 3.47312 3.67875 3.88438 4.14 4.54563 4.75125 4.85687 5.2625 6.56812 7.42375 8.27938 9.335 10.2406 11.4963 12.4519 13.4575 14.4631 15.2688 16.4244 17.28 18.3356 19.2913 20.3969 21.4025 22.3081 23.6637 24.3694 25.425 25.4306 25.3363 25.4419 25.2475 25.2531 25.2588 25.5144 25.27 25.3756 25.2813 25.3369 25.4425 25.3481 25.3037 25.3594 25.415 25.4706 25.4263 25.5319 25.4375 25.5931 25.5487 25.5044 25.51 25.3656 25.6213 25.5769 25.4825 25.4881 25.4438 25.5994 25.505 25.4106 25.5662 25.5719 25.5275 25.5831 25.4387 25.6444 
0 0.36 0.62 0.93 1.19 1.5 1.71 1.97 2.18 2.64 2.7 3.06 3.27 3.58 3.94 4.1 4.21 4.57 4.73 5.04 5.65 6.46 7.27 8.38 9.44 10.3 11.46 12.57 13.63 14.59 15.4 16.31 17.37 18.63 19.34 20.55 21.61 22.72 23.73 24.69 25.55 25.56 25.57 25.63 25.59 25.65 25.76 25.57 25.68 25.54 25.8 25.71 25.62 25.73 25.74 25.85 25.56 25.87 25.78 25.69 25.65 25.61 25.72 25.83 25.69 25.85 25.71 25.82 25.68 25.69 25.9 25.91 25.92 25.93 25.89 25.9 25.91 25.77 25.83 25.94 
0 0.315625 0.73125 0.796875 1.3625 1.47812 1.74375 2.10938 2.125 2.49062 2.95625 2.92188 3.3375 3.65313 3.96875 4.08437 4.4 4.66563 4.93125 5.29688 5.5125 6.82813 7.79375 8.90938 9.825 10.5906 11.5063 12.7219 13.7875 14.7531 15.5188 16.5844 18.05 18.9156 19.9312 21.0969 21.7125 22.5781 23.7938 24.7094 25.775 25.7406 25.9063 25.9219 25.8875 25.9531 25.7188 25.9844 25.8 26.0156 25.7813 26.0469 25.8625 25.9281 25.8438 25.9094 26.175 26.0406 26.2062 26.0719 26.0375 26.2031 26.1187 26.1344 26.15 26.1656 26.1313 26.1469 26.1625 26.1781 26.3438 26.2594 26.275 26.1906 26.2062 26.4219 26.4375 26.5031 26.2687 26.5844 
0 0.2725 0.695 0.9675 1.34 1.5125 1.635 2.1075 2.38 2.8525 2.825 3.1475 3.32 3.7925 4.115 4.1875 4.51 4.8325 5.105 5.5775 5.8 6.4725 7.545 8.7175 9.84 10.7625 11.685 12.8075 13.83 14.6525 15.725 16.8475 17.92 19.1925 20.265 21.1875 22.26 23.0825 24.105 25.3275 25.95 26.0725 26.095 26.2675 26.19 26.4125 26.335 26.2575 26.33 26.1025 26.275 26.3475 26.32 26.3425 26.265 26.4875 26.36 26.4825 26.355 26.4275 26.65 26.6225 26.645 26.6675 26.54 26.5625 26.535 26.8075 26.53 26.9025 26.575 26.8475 26.82 26.8925 26.865 26.7375 26.86 26.9325 26.755 26.8275 
0 0.630625 0.76125 0.991875 1.1725 1.75312 1.98375 2.01437 2.395 2.72563 2.85625 3.38687 3.5175 4.04812 4.02875 4.20937 4.69 4.97062 5.30125 5.68188 6.1125 7.19313 8.07375 9.00438 10.085 11.2656 11.9963 13.0269 14.2075 15.1881 16.2188 17.3494 18.23 19.3606 20.1912 21.4219 22.4025 23.5331 24.3137 25.6444 26.625 26.4556 26.2862 26.4169 26.3475 26.7781 26.6588 26.4394 26.67 26.8506 26.9813 26.8119 26.7925 26.9731 26.8037 26.7844 26.715 26.7456 26.8263 26.8069 27.0375 27.1681 27.0487 27.3294 27.11 27.2406 27.4212 27.1519 27.2325 27.3631 27.5438 27.5744 27.555 27.6856 27.6663 27.4469 27.4775 27.5581 27.6887 27.4694 
0 0.49 0.68 1.07 1.26 1.85 1.84 2.18 2.47 2.91 3.3 3.39 3.83 4.12 4.46 4.75 4.94 5.18 5.47 5.81 6.2 6.94 8.38 9.27 10.61 11.25 12.24 13.38 14.37 15.56 16.6 17.64 18.43 19.62 20.56 21.8 23.09 23.93 25.07 26.01 26.8 26.84 27.13 27.12 27.16 26.95 27.34 26.98 27.32 27.36 27 27.19 27.38 27.27 27.51 27.6 27.24 27.63 27.72 27.56 27.6 27.64 27.88 27.92 27.66 27.9 27.99 28.18 28.22 28.01 27.95 28.24 27.98 28.17 28.16 28.1 28.29 28.28 28.37 28.61 
0 0.450625 0.95125 1.15188 1.6525 1.85312 2.10375 2.65438 2.855 3.05562 3.10625 3.85687 4.0575 4.35812 4.20875 4.90938 5.01 5.21063 5.86125 5.71187 6.2125 7.46313 8.56375 9.76437 10.665 11.8156 12.5162 13.6669 14.4675 15.7681 17.1187 17.9694 19.22 20.1706 21.4212 22.1719 22.9225 24.2231 25.2238 26.5244 27.175 27.6256 27.5263 27.2269 27.5275 27.7281 27.4788 27.5294 27.43 27.5806 27.9312 27.7319 27.9825 27.7831 28.0837 28.2344 28.335 28.2356 28.2362 28.1869 28.0375 28.6381 28.2887 28.1894 28.39 28.7406 28.4412 28.3919 28.5925 28.4931 28.9438 28.9944 28.745 28.8956 29.2463 29.0969 29.1975 29.2481 29.0487 29.3994 
0 0.4125 0.975 1.1875 1.5 1.6625 2.375 2.6875 2.65 2.9625 3.725 3.7875 3.8 4.5125 4.975 5.1375 5.5 5.7125 5.925 6.0875 6.75 7.3125 8.525 9.9875 10.9 11.8625 13.075 13.7875 15.05 16.1625 17.075 17.9375 19.45 20.2625 21.375 22.9375 23.3 24.8625 25.825 26.8875 27.6 27.6125 27.725 28.0875 28.35 28.3125 27.975 28.1875 28.3 28.2625 28.475 28.4875 28.8 28.7625 28.725 28.6375 28.75 29.0125 28.775 28.9875 29.05 29.2625 29.275 29.0875 29 29.6125 29.175 29.5375 29.65 29.7625 29.675 30.0375 29.6 29.8125 29.675 30.1375 29.85 29.9125 29.975 30.1875 
0 0.625625 0.80125 1.12688 1.5025 2.07813 2.10375 2.52938 2.855 3.43062 3.80625 3.68187 4.3075 4.78312 5.15875 5.23438 5.26 6.13562 6.21125 6.68687 6.9125 8.13813 8.96375 10.2894 11.015 12.2406 13.4163 14.7919 15.4675 16.8431 17.6688 18.7944 19.82 20.8456 21.8713 23.3469 24.2725 25.0981 26.3237 27.3494 28.625 28.3006 28.3263 28.3519 28.6275 28.6031 28.5788 28.9544 29.28 28.8556 29.3813 29.3569 29.2325 29.1081 29.2838 29.4594 29.685 29.4606 29.5363 29.8619 29.5375 30.0131 29.9387 30.3144 30.09 30.5656 30.1413 30.6169 30.4925 30.3181 30.3937 30.6194 30.845 30.9206 30.8463 30.8719 30.9975 30.9731 30.9487 31.2744 
0 0.69 0.83 1.07 1.51 2 2.24 2.98 3.22 3.41 3.65 3.79 4.43 4.77 5.16 5.7 5.94 5.98 6.22 6.81 7.15 8.34 9.43 10.57 11.46 12.65 13.84 15.23 15.92 16.96 17.7 19.39 20.23 21.02 22.61 23.9 25.09 25.88 26.87 27.61 28.7 29.09 29.18 29.27 29.56 29.2 29.39 29.73 29.82 29.41 29.85 29.84 30.28 30.37 30.26 30.2 30.49 30.68 30.87 30.56 31.1 30.89 30.93 30.87 31.11 30.95 31.44 31.18 31.47 31.56 31.35 31.54 31.68 31.92 31.76 31.8 31.99 32.13 32.22 32.31 
0 0.855625 1.36125 1.51688 1.7225 2.02813 2.88375 2.48938 3.595 3.30063 4.25625 4.56187 5.0175 5.17312 5.57875 5.68437 6.14 6.09562 7.00125 7.10687 7.4125 8.51812 9.57375 11.0294 12.335 13.2906 14.1462 15.6519 16.4075 17.7131 18.5688 19.9244 20.73 22.1856 23.4412 24.2469 24.8025 26.5581 27.7138 28.5694 29.675 29.5306 29.9363 30.1919 29.9975 30.1031 29.8587 30.4144 30.32 30.3756 30.5812 30.6369 30.8925 30.6481 31.3038 31.3094 31.515 31.3206 31.7262 31.6819 32.0875 31.9431 31.7488 32.3544 32.06 32.0656 32.2212 32.4769 32.6825 32.5881 32.6437 32.7494 32.805 33.0106 33.1162 33.2719 33.2775 33.1331 33.6888 33.6944 
0 1.0225 0.895 1.4175 2.29 2.5125 2.485 2.9075 3.08 3.8525 4.425 4.1475 5.17 4.9425 5.515 5.9375 6.21 6.5325 6.905 7.4775 8.1 9.1725 10.445 11.5175 12.64 13.1125 14.285 15.4075 16.53 18.0025 19.325 20.2475 21.62 22.7425 23.365 24.7375 25.86 26.9325 28.205 29.1775 30.3 30.1225 30.445 30.7175 30.84 31.2125 30.735 31.0075 31.33 31.2525 31.575 31.6475 31.97 31.7425 32.365 32.3375 31.86 32.1825 32.605 32.6275 32.9 33.2225 32.595 32.8675 33.04 33.1625 33.535 33.2575 34.08 33.7025 33.725 34.1975 33.87 34.5425 34.415 34.5375 34.61 34.9325 35.055 35.4775 
0 0.540625 1.28125 1.57187 1.7125 2.65313 2.74375 2.98438 3.725 4.11562 4.40625 4.54688 4.8375 5.62813 5.56875 6.15938 7 6.84062 7.08125 8.12187 8.6625 9.35312 10.3938 11.4844 13.075 14.2156 15.4063 16.1469 17.3375 18.5281 19.7188 21.1094 21.65 23.3906 24.3312 25.5219 26.7125 27.6531 28.8438 29.6844 31.075 31.3156 31.7062 31.5469 31.4875 31.4781 31.7687 32.1594 31.9 31.9906 32.0812 32.7219 32.8625 33.2531 32.9437 32.9344 33.725 33.0156 33.9063 33.8469 33.6875 34.0281 34.1188 34.4094 34.35 34.3906 34.8312 35.2219 35.2125 35.4531 35.3937 35.3344 35.925 35.4656 35.6563 35.8469 36.4375 36.3781 36.2687 36.2594 
0 0.46 1.42 1.83 1.89 2.25 3.01 3.57 3.43 3.99 4.65 5.26 5.32 5.63 6.44 6.25 7.06 7.72 8.13 7.84 8.6 10.11 11.17 12.18 13.24 14 15.41 17.17 18.43 19.24 20.65 21.56 22.92 23.63 25.09 26.05 27.76 28.02 29.68 30.89 32.25 31.86 32.42 32.13 32.54 33.05 32.86 32.77 32.83 33.74 33.25 33.46 33.72 34.28 33.84 34.2 34.11 34.47 34.73 34.94 35.3 35.31 35.57 35.68 35.59 36.05 36.36 36.07 36.18 36.54 37.05 36.51 36.87 37.03 36.99 37.1 37.86 37.57 37.83 38.09 
0 0.980625 1.66125 1.79188 1.8725 2.30312 3.28375 3.21438 4.095 4.42562 5.20625 5.58687 5.8675 6.29812 6.12875 6.75938 7.69 8.27063 8.70125 9.03188 9.6125 10.5931 11.5737 12.7044 13.985 15.5156 15.9963 17.6769 19.0075 19.7881 20.6688 22.0994 23.38 24.3106 25.4912 27.0219 28.6025 29.2331 30.9137 31.6444 32.225 32.9556 33.4362 33.5169 33.1475 34.0781 33.4087 34.0394 34.52 34.4506 34.1813 34.7119 35.1925 35.2231 34.9038 35.6344 35.115 36.0456 35.7262 36.2569 36.6875 36.3681 36.9487 36.9294 37.11 37.1906 37.0213 37.3019 37.6825 37.7131 38.0938 38.1744 38.005 38.2356 38.8662 38.5469 39.1275 39.4581 39.6387 39.5194 
0 1.0025 1.605 1.8075 2.11 2.6125 3.265 4.0675 3.67 4.3225 4.875 5.8775 5.58 6.7325 6.535 7.6375 8.09 8.0425 8.695 8.9975 10 11.2525 12.355 13.1575 14.81 15.7625 17.365 17.8675 19.62 20.4725 21.475 22.4275 24.48 25.8325 26.935 28.1375 28.74 30.0425 31.195 32.1975 33.95 33.5025 33.605 34.0575 34.56 34.2125 35.015 34.6175 34.97 35.8725 35.425 36.0775 35.78 36.2825 36.435 37.1375 36.49 37.1425 37.595 37.5475 37.6 38.1025 37.605 38.6575 38.31 38.5625 38.815 39.2175 38.97 39.8225 39.825 40.0275 40.08 40.2825 40.735 41.0375 40.94 41.1925 41.795 41.9975 
0 0.925625 1.85125 2.02688 2.8025 2.77813 3.25375 3.57938 4.555 4.28063 5.30625 5.88188 5.8575 6.88312 7.20875 7.28438 8.66 8.28563 8.71125 9.08687 9.9125 11.1881 12.6637 13.7394 15.165 16.3406 17.4662 18.9919 20.1675 21.4431 22.2687 23.8944 24.92 25.5956 27.3713 28.2469 29.5725 30.5981 32.0238 32.7994 34.325 35.0506 35.0762 35.5019 35.1775 35.4031 35.4787 35.6544 36.58 36.1056 36.2813 36.9069 37.0825 37.6581 37.2337 38.3594 38.035 38.5106 39.0363 38.5619 38.7875 39.3631 39.6387 39.6144 40.24 39.8156 40.2412 40.5169 40.5925 40.7681 41.0438 41.4194 41.945 41.9206 41.9463 42.5219 42.4475 42.6231 43.2988 43.1744 
