40 80
6.5 5.85 6.5 7.05 6.2 8.35 8 6.85 7.8 8.05 7.7 9.15 8.6 9.85 9.9 9.65 10.2 10.55 11.1 11.85 11.5 11.9 13 14.3 15 16.7 17.4 18.1 20.1 20.5 21.2 22.3 23.9 23.8 25.9 25.2 27.4 28.2 29.6 31.5 32.2 31.3 31.7 30 30.2 31.9 30.2 30.3 30.9 31.7 30.8 30.2 31.7 31.1 30.3 30.3 30.8 30.4 30.3 30 30.3 30.9 30.7 30.9 31.4 30.9 31.2 31.3 31.8 31.8 31.2 31.1 30.4 31.5 30.1 31.6 30.6 30 31.5 30.6 
5.5125 5.3625 6.6125 5.7625 6.1125 6.9625 7.7125 7.4625 6.8125 8.6625 7.8125 9.0625 7.6125 9.3625 8.4125 8.4625 9.7125 9.6625 11.0125 9.8625 9.9125 11.2125 12.2125 13.7125 15.9125 15.9125 16.3125 18.5125 19.0125 19.8125 21.0125 21.9125 23.3125 23.7125 25.5125 25.2125 27.0125 27.9125 29.0125 29.7125 29.6125 31.4125 29.8125 29.7125 30.7125 31.3125 30.2125 30.2125 30.1125 30.5125 30.1125 30.9125 30.1125 29.5125 30.7125 31.3125 31.0125 29.7125 29.6125 29.9125 31.0125 30.4125 30.6125 29.8125 30.8125 31.1125 29.5125 30.7125 30.4125 30.9125 30.0125 31.5125 31.4125 31.2125 31.0125 31.4125 29.8125 30.5125 31.3125 31.5125 
5.15 4.4 6.35 5.9 5.95 5.9 7.55 6.7 6.75 8.1 8.25 8.7 8.25 8.1 8.05 8.4 9.15 9.5 10.25 9.6 9.65 11.15 12.05 13.05 13.45 16.15 15.95 17.65 17.65 19.25 19.95 21.35 23.15 22.55 23.75 24.75 26.75 26.95 27.75 28.55 31.05 29.35 30.15 30.95 31.05 30.25 30.15 29.75 30.25 29.15 30.15 29.55 29.75 30.75 29.25 30.15 29.65 29.45 30.85 29.35 29.15 30.55 30.15 30.55 29.65 30.45 29.75 30.65 29.05 30.05 30.65 29.15 29.05 29.55 29.25 29.35 30.55 30.45 30.35 29.55 
5.1125 4.8625 5.3125 5.6625 5.1125 6.2625 5.5125 5.5625 6.0125 6.9625 7.7125 6.8625 7.5125 7.4625 8.4125 8.2625 8.6125 9.1625 8.2125 8.9625 9.6125 11.1125 11.8125 13.0125 13.6125 15.0125 15.3125 17.7125 17.5125 19.0125 19.4125 21.4125 20.9125 23.6125 23.5125 24.1125 26.2125 26.5125 28.3125 28.7125 29.6125 30.4125 28.9125 28.9125 29.7125 30.0125 29.5125 28.6125 29.3125 29.8125 29.5125 29.6125 29.4125 29.2125 30.1125 29.9125 29.1125 30.2125 29.7125 30.3125 29.9125 29.9125 29.8125 29.2125 29.9125 28.9125 29.6125 30.1125 29.8125 29.2125 30.3125 30.1125 29.6125 28.7125 29.3125 28.7125 29.5125 29.0125 28.7125 30.0125 
4.1 4.25 4.7 3.95 4.8 5.35 4.9 6.55 6.1 6.85 7.2 6.25 6.4 6.75 7.4 8.25 8.2 8.65 9 8.95 9 10.8 11.2 12.2 12.9 14.7 16.1 16.2 16.7 18.8 18.9 20.3 21.2 22.2 22.2 24.7 24.8 26.5 27.6 28.5 28.5 28.9 29 28.3 28.7 28.5 29.1 29.4 29.6 28.6 29.1 29.3 28.5 29 29.8 28.9 29.9 29.6 29.1 29.9 28.6 28.8 29.9 28.6 29.8 29.3 30 28.3 29.3 29.3 29.3 29.4 29.8 28.8 29.8 29.8 29.5 28.4 29.2 29.7 
4.4125 4.3625 4.5125 3.7625 4.7125 4.6625 4.3125 5.0625 5.8125 5.2625 5.8125 6.2625 7.3125 6.6625 6.5125 7.3625 7.6125 8.0625 8.4125 8.4625 8.5125 9.2125 10.1125 11.2125 12.7125 12.9125 15.5125 15.4125 16.9125 17.9125 19.4125 19.2125 20.4125 22.7125 23.0125 23.7125 25.2125 25.0125 26.7125 27.8125 28.3125 29.3125 28.3125 28.8125 29.2125 29.3125 28.7125 28.9125 28.9125 28.2125 28.9125 28.8125 28.3125 28.5125 29.3125 28.3125 29.1125 29.0125 28.1125 28.0125 28.2125 28.2125 29.5125 28.7125 28.8125 29.5125 28.9125 29.5125 29.5125 28.1125 28.7125 28.7125 29.5125 28.3125 28.5125 28.8125 28.3125 28.5125 29.0125 28.3125 
3.15 3.4 3.35 4.2 4.45 4.2 4.95 5 5.05 5.9 5.45 6.4 6.75 6.3 6.25 7.6 6.95 7.9 7.25 7.8 8.85 8.85 10.35 11.35 11.95 12.75 14.45 15.45 16.75 17.15 18.85 19.35 20.85 21.55 22.25 23.55 24.75 25.15 26.65 26.75 28.05 27.85 27.95 28.65 28.85 27.85 27.55 28.65 28.75 28.45 28.35 27.75 27.55 28.05 27.95 28.55 28.05 28.65 29.05 27.55 27.85 29.05 28.55 27.45 28.45 28.85 28.35 27.45 27.85 27.65 28.85 28.15 27.75 28.45 28.65 28.05 27.95 28.35 28.15 27.75 
3.4125 3.7625 3.4125 4.3625 4.3125 3.5625 4.8125 4.2625 5.4125 4.4625 5.8125 5.1625 5.8125 5.7625 6.6125 6.9625 6.4125 6.9625 7.4125 7.0625 7.2125 9.7125 9.5125 11.7125 12.5125 13.7125 13.6125 14.8125 15.4125 17.7125 18.0125 18.5125 20.5125 20.3125 21.9125 22.9125 24.4125 25.3125 26.2125 26.6125 27.5125 27.9125 27.6125 27.7125 27.8125 27.8125 27.4125 28.0125 27.3125 27.7125 27.9125 27.2125 28.1125 28.3125 27.7125 27.1125 27.4125 28.0125 28.4125 28.5125 27.3125 27.1125 27.7125 28.4125 27.8125 27.8125 27.7125 28.3125 28.3125 28.5125 27.5125 27.9125 27.8125 27.1125 28.5125 28.1125 27.7125 27.7125 27.8125 27.8125 
2.2 3.05 3.3 3.25 3.2 3.25 4 3.65 4 4.85 5.3 4.85 5.7 6.45 5.9 6.75 6.8 6.55 6.6 7.05 7.2 8.3 9.8 11.3 12.6 12.7 14.2 14.8 16.2 16.4 18.4 18.5 20.5 20.8 21 23.4 22.9 24.8 25.6 26.4 26.9 27.9 27.4 27.8 27.9 27 27.8 28.1 27.7 27.2 27.1 27.5 27.2 27.1 28 27.5 27 27.2 27 27.5 27.1 28 27.1 27.6 27.9 27.2 28.1 27.8 27.6 27 27.1 27.7 27.8 27 27.6 28.2 27.1 28.2 28 27 
2.4125 2.0625 2.1125 3.2625 3.3125 3.2625 4.3125 4.3625 4.3125 4.4625 4.5125 4.8625 5.6125 5.1625 5.8125 6.0625 6.4125 5.9625 6.6125 7.0625 8.2125 8.4125 9.3125 10.1125 11.6125 12.1125 13.5125 13.9125 15.7125 15.8125 17.5125 18.6125 19.5125 19.7125 21.3125 21.9125 22.5125 23.7125 25.5125 26.6125 27.6125 27.1125 27.6125 27.0125 27.0125 27.6125 26.8125 26.7125 26.8125 27.7125 27.2125 27.2125 27.6125 27.8125 26.7125 26.9125 27.2125 27.4125 26.7125 26.8125 26.8125 27.5125 27.0125 27.1125 26.7125 27.5125 27.2125 26.9125 27.0125 27.8125 27.2125 27.1125 27.1125 26.5125 26.7125 27.4125 27.4125 26.8125 27.8125 27.4125 
1.75 2.2 2.75 2.6 2.45 2.5 3.45 3.5 3.55 3.8 4.05 4.2 4.75 5.3 5.75 5.2 5.95 6.1 6.75 6.6 7.25 8.65 8.45 9.65 11.45 11.95 12.85 14.25 14.55 16.25 16.95 18.45 18.95 19.25 21.15 22.65 23.05 23.35 24.85 25.95 27.05 26.55 26.75 26.25 26.75 27.25 27.05 26.75 27.05 27.35 26.85 26.55 26.75 26.25 26.35 27.05 26.65 27.05 26.55 27.45 26.75 27.45 27.25 26.25 27.15 27.25 27.15 26.45 26.85 26.75 26.65 26.35 27.05 26.45 26.25 26.75 27.05 26.55 27.45 27.15 
1.5125 1.4625 2.3125 2.6625 2.6125 3.0625 3.2125 3.4625 3.2125 3.3625 3.7125 3.9625 5.0125 4.4625 4.7125 5.5625 5.6125 5.5625 6.2125 6.4625 7.0125 8.0125 8.9125 9.6125 11.0125 11.9125 13.0125 13.7125 15.0125 15.8125 16.3125 18.1125 18.8125 19.3125 20.8125 22.1125 23.4125 24.3125 24.5125 25.7125 26.5125 26.7125 26.2125 26.1125 27.1125 26.6125 26.8125 26.6125 26.2125 26.2125 26.7125 26.2125 26.2125 26.4125 26.9125 26.9125 27.1125 26.2125 26.8125 26.2125 26.5125 26.7125 26.7125 26.1125 26.7125 26.3125 26.6125 26.2125 26.7125 27.0125 26.8125 27.0125 26.4125 26.8125 26.5125 26.4125 26.8125 26.4125 26.8125 26.5125 
0.8 1.25 2.1 1.85 1.8 2.65 3 3.15 3.1 3.25 3.6 4.25 4.7 4.65 4.9 4.85 5.3 5.55 5.3 5.75 6.5 7.4 8.5 9.5 10.9 11.2 12.6 13.8 14.3 15.5 16.5 17 18.7 19.2 20.2 21.2 22.5 23.7 24.4 25.5 26.3 26.6 26.3 26.3 26.5 26.3 26.5 26.2 26.4 26.2 26.2 26.1 26.6 26.6 26.4 26.5 26.6 26.5 25.9 26.6 26.3 26.4 26.3 26.3 26.4 25.8 26.2 26.8 26.1 25.8 25.8 26.2 26.2 25.8 26 26.3 26 26.6 25.8 26.5 
0.6125 1.3625 1.6125 1.9625 2.5125 2.4625 2.5125 3.0625 2.7125 3.0625 3.5125 3.8625 4.1125 4.6625 4.5125 4.9625 5.3125 5.4625 5.3125 5.9625 6.6125 7.2125 7.9125 9.4125 10.9125 11.3125 12.5125 13.0125 14.2125 14.9125 15.8125 17.7125 18.8125 18.8125 20.4125 21.0125 22.5125 23.5125 23.8125 25.7125 26.3125 25.6125 25.9125 26.3125 25.9125 26.4125 26.2125 25.6125 26.1125 26.2125 26.2125 25.9125 25.9125 26.2125 26.2125 25.8125 25.9125 26.5125 26.2125 25.9125 26.5125 26.3125 25.6125 26.3125 26.3125 25.8125 25.8125 25.9125 25.9125 26.1125 26.1125 26.1125 25.8125 25.7125 26.0125 25.8125 26.3125 25.9125 25.6125 26.1125 
0.85 1 1.35 1.4 1.95 2 2.45 2.7 2.85 3.2 3.45 3.4 4.05 4 4.75 4.2 4.65 4.8 5.15 5.2 5.85 6.85 7.95 9.25 10.05 10.45 11.85 12.95 14.05 15.05 15.75 16.45 18.05 19.55 20.65 21.35 21.95 23.15 24.25 24.75 26.05 25.95 26.05 25.45 25.85 25.85 25.75 25.65 26.05 25.75 25.95 26.05 26.15 25.85 25.95 25.85 25.75 25.45 25.75 25.75 26.15 25.75 25.85 25.95 25.95 26.25 25.95 26.15 25.75 25.45 25.75 25.95 26.25 26.05 26.05 25.65 25.95 25.95 25.75 25.85 
0.6125 0.9625 1.2125 1.3625 1.8125 1.8625 2.1125 2.3625 2.6125 3.0625 3.4125 3.4625 3.9125 4.2625 4.2125 4.4625 4.6125 4.8625 5.0125 5.7625 5.6125 7.0125 8.4125 8.3125 9.5125 11.0125 12.0125 13.0125 14.0125 15.4125 16.4125 16.9125 18.2125 18.6125 19.6125 21.2125 21.8125 22.7125 23.8125 25.4125 25.4125 25.4125 25.9125 25.5125 26.0125 26.0125 25.6125 25.8125 25.3125 25.5125 25.5125 25.8125 25.5125 25.7125 25.5125 25.5125 25.6125 25.4125 25.7125 25.5125 25.7125 25.9125 25.8125 25.3125 25.5125 25.7125 25.7125 25.6125 25.8125 25.3125 25.8125 26.0125 26.0125 25.6125 25.7125 25.6125 25.7125 25.3125 25.3125 25.3125 
0.6 0.55 1.2 1.35 1.5 1.65 1.7 2.45 2.5 3.05 3.3 3.15 3.5 3.75 4 4.25 4.4 4.85 4.9 5.15 5.3 6.9 7.7 8.7 10.2 10.8 11.9 12.8 13.8 14.7 15.6 16.7 17.4 18.8 19.8 21 22.2 22.8 23.6 24.7 25.6 25.7 25.5 25.7 25.5 25.4 25.5 25.5 25.4 25.7 25.8 25.3 25.2 25.4 25.3 25.5 25.6 25.2 25.2 25.4 25.3 25.5 25.2 25.6 25.4 25.3 25.6 25.3 25.8 25.5 25.7 25.6 25.6 25.3 25.4 25.4 25.3 25.2 25.6 25.8 
0.2125 0.6625 1.0125 1.0625 1.5125 1.6625 2.1125 1.9625 2.2125 2.5625 2.7125 3.0625 3.4125 3.4625 4.0125 4.2625 4.1125 4.3625 4.9125 5.0625 5.8125 7.0125 7.7125 8.6125 9.6125 10.7125 11.8125 12.4125 13.6125 15.0125 15.9125 16.9125 17.4125 18.3125 19.3125 20.7125 22.0125 22.7125 23.2125 24.9125 25.4125 25.1125 25.6125 25.5125 25.4125 25.3125 25.5125 25.4125 25.4125 25.6125 25.4125 25.1125 25.4125 25.5125 25.2125 25.2125 25.3125 25.1125 25.4125 25.4125 25.4125 25.2125 25.2125 25.3125 25.6125 25.6125 25.5125 25.1125 25.2125 25.6125 25.2125 25.3125 25.6125 25.3125 25.6125 25.4125 25.2125 25.4125 25.4125 25.4125 
0.25 0.6 0.85 0.9 1.35 1.5 1.55 1.8 2.25 2.7 2.85 3 3.25 3.4 3.55 4 4.15 4.5 4.75 4.9 5.25 6.65 7.25 8.65 9.35 10.25 11.05 12.65 13.55 14.85 15.05 16.45 17.15 18.85 19.65 20.25 21.45 22.25 23.25 24.05 25.25 25.35 25.45 25.15 25.45 25.15 25.15 25.15 25.45 25.35 25.05 25.25 25.25 25.05 25.05 25.35 25.15 25.45 25.25 25.25 25.45 25.25 25.45 25.05 25.15 25.05 25.05 25.35 25.15 25.15 25.05 25.25 25.05 25.35 25.45 25.05 25.15 25.25 25.35 25.25 
0.3125 0.3625 0.5125 0.7625 1.1125 1.2625 1.7125 1.8625 2.0125 2.4625 2.5125 2.8625 3.2125 3.3625 3.7125 3.7625 4.3125 4.4625 4.5125 4.8625 5.3125 6.3125 7.2125 8.1125 9.3125 10.6125 11.6125 12.2125 13.4125 14.7125 15.3125 16.1125 17.3125 18.0125 19.5125 20.3125 21.0125 22.0125 23.7125 24.4125 25.2125 25.1125 25.1125 25.1125 25.1125 25.1125 25.0125 25.2125 25.2125 25.3125 25.2125 25.1125 25.3125 25.0125 25.0125 25.2125 25.0125 25.0125 25.2125 25.0125 25.2125 25.1125 25.0125 25.1125 25.3125 25.1125 25.2125 25.3125 25.0125 25.1125 25.1125 25.3125 25.0125 25.0125 25.0125 25.1125 25.2125 25.1125 25.3125 25.0125 
0.2 0.45 0.7 0.95 1.2 1.45 1.7 1.95 2.2 2.45 2.5 2.95 3 3.45 3.7 3.75 4.2 4.45 4.7 4.95 5 6.6 7.2 8.2 9.2 10.6 11.6 12.2 13.2 14.4 15.4 16.6 17.4 18.4 19 20 21 22.2 23.4 24.2 25.2 25 25.2 25.2 25 25 25.2 25.2 25.2 25.2 25 25.2 25 25.2 25.2 25 25.2 25.2 25 25.2 25 25 25 25.2 25 25 25.2 25.2 25 25.2 25 25.2 25 25.2 25 25 25 25 25 25.2 
0.1125 0.2625 0.7125 0.9625 1.3125 1.3625 1.7125 2.0625 2.2125 2.3625 2.7125 2.8625 3.1125 3.4625 3.8125 3.7625 4.2125 4.3625 4.6125 4.7625 5.2125 6.7125 7.2125 8.7125 9.4125 10.1125 11.3125 12.5125 13.5125 14.6125 15.5125 16.4125 17.6125 18.2125 19.6125 20.0125 21.4125 22.5125 23.1125 24.6125 25.3125 25.0125 25.3125 25.2125 25.1125 25.0125 25.3125 25.1125 25.0125 25.1125 25.0125 25.0125 25.0125 25.1125 25.0125 25.3125 25.0125 25.0125 25.2125 25.3125 25.1125 25.2125 25.0125 25.2125 25.0125 25.1125 25.1125 25.2125 25.0125 25.2125 25.3125 25.1125 25.3125 25.2125 25.1125 25.2125 25.2125 25.2125 25.3125 25.1125 
0.25 0.5 0.75 1 1.25 1.3 1.65 2 2.25 2.4 2.55 3.1 3.25 3.5 3.75 3.8 4.15 4.5 4.55 5 5.35 6.65 7.45 8.15 9.05 10.45 11.15 12.45 13.45 14.15 15.45 16.25 17.45 18.25 19.75 20.65 21.85 22.25 23.45 24.45 25.05 25.05 25.05 25.25 25.25 25.05 25.25 25.05 25.05 25.25 25.35 25.45 25.35 25.25 25.15 25.25 25.15 25.05 25.45 25.05 25.15 25.25 25.35 25.35 25.45 25.05 25.05 25.05 25.25 25.25 25.45 25.25 25.05 25.35 25.35 25.25 25.05 25.45 25.25 25.45 
0.2125 0.3625 0.8125 1.0625 1.5125 1.6625 1.8125 2.1625 2.4125 2.7625 2.8125 2.9625 3.5125 3.5625 3.9125 3.8625 4.4125 4.5625 4.8125 5.1625 5.3125 6.7125 7.2125 8.8125 9.6125 10.5125 11.3125 12.3125 13.7125 14.1125 15.5125 16.2125 17.3125 18.7125 19.7125 20.8125 21.8125 22.2125 23.2125 25.0125 25.5125 25.4125 25.2125 25.3125 25.3125 25.4125 25.4125 25.4125 25.4125 25.1125 25.6125 25.2125 25.3125 25.2125 25.2125 25.3125 25.3125 25.1125 25.1125 25.2125 25.4125 25.5125 25.3125 25.3125 25.1125 25.1125 25.2125 25.4125 25.3125 25.5125 25.3125 25.1125 25.4125 25.6125 25.3125 25.5125 25.4125 25.4125 25.2125 25.4125 
0.3 0.85 0.7 1.15 1.8 1.65 1.9 2.35 2.5 2.85 3.1 3.45 3.5 3.95 4.1 4.35 4.7 4.95 4.9 5.45 5.8 6.5 7.9 8.8 9.4 10.8 11.2 12.4 13.5 15.2 15.4 16.6 17.9 18.6 19.7 20.8 22 23 23.5 24.7 25.4 25.8 25.4 25.4 25.2 25.3 25.3 25.8 25.4 25.5 25.8 25.5 25.6 25.5 25.8 25.4 25.6 25.4 25.6 25.5 25.4 25.4 25.2 25.6 25.5 25.5 25.7 25.3 25.4 25.2 25.4 25.3 25.6 25.8 25.3 25.6 25.8 25.5 25.6 25.3 
0.5125 0.9625 1.5125 1.2625 1.7125 1.9625 2.5125 2.5625 2.7125 3.2625 3.4125 3.2625 3.5125 4.0625 4.0125 4.5625 4.5125 5.1625 5.3125 5.5625 5.5125 6.6125 7.6125 8.8125 10.1125 11.1125 11.6125 13.0125 13.9125 14.8125 16.4125 16.7125 18.2125 19.3125 20.2125 20.8125 21.7125 23.2125 23.7125 24.4125 26.0125 25.8125 25.8125 25.6125 25.5125 25.3125 26.0125 25.7125 26.0125 25.7125 25.7125 25.5125 25.3125 25.6125 25.4125 25.6125 25.3125 25.8125 25.4125 25.5125 25.3125 25.5125 25.7125 25.9125 25.5125 25.9125 25.8125 25.7125 25.8125 25.9125 25.8125 25.7125 25.3125 25.6125 25.9125 25.8125 25.4125 25.6125 25.8125 25.8125 
1.25 0.7 1.45 2 1.75 2.2 2.75 2.7 3.25 3.1 3.25 3.3 4.05 4.3 3.95 4.4 5.15 5 5.55 5.8 6.35 6.95 8.05 9.25 10.25 10.75 12.45 13.25 13.75 15.25 16.25 16.85 18.15 19.65 20.25 20.85 22.05 23.55 24.05 25.35 25.55 25.65 25.85 26.05 25.65 26.15 25.95 25.95 25.85 26.25 25.85 26.05 25.85 25.95 25.55 26.15 25.85 25.85 26.05 25.95 25.65 25.65 25.95 25.65 25.85 25.85 25.55 26.05 25.55 26.05 26.15 25.85 25.75 25.85 25.55 25.65 25.75 25.45 25.85 25.75 
1.4125 0.9625 1.4125 2.0625 2.0125 2.7625 2.2125 2.9625 3.0125 3.2625 4.0125 3.5625 3.7125 3.9625 4.4125 4.8625 4.7125 5.3625 5.5125 5.5625 6.2125 6.7125 7.8125 9.0125 10.9125 10.9125 12.3125 13.2125 14.0125 15.0125 16.7125 17.1125 17.6125 18.8125 20.0125 21.1125 22.2125 23.5125 24.5125 25.2125 25.9125 25.8125 26.2125 26.3125 26.1125 26.1125 25.8125 26.2125 26.1125 25.7125 25.9125 26.5125 25.7125 26.0125 26.0125 26.2125 25.8125 26.2125 26.1125 26.1125 26.1125 25.9125 26.1125 25.8125 26.1125 25.8125 26.2125 25.9125 26.1125 26.5125 26.0125 25.8125 26.0125 26.1125 25.6125 26.4125 25.9125 25.6125 26.2125 26.4125 
0.8 1.35 1.8 2.35 2.4 2.75 2.5 3.25 3.6 3.75 3.8 4.55 4.8 4.75 5.1 5.35 4.9 5.75 6.1 5.55 6.4 7.9 8.2 9.5 9.9 11.2 12.4 13.4 14.3 15.1 16.9 17.7 18.9 20.1 20.1 22.1 22.5 23.3 24.6 25.5 26 26.4 26.1 26.1 26.6 26.6 26.7 26.8 26.1 26.4 26.5 26 25.9 25.9 25.8 26 26 26.2 26.6 26.1 26.5 26 26 26.5 26.4 26.5 26 26.3 26.6 26.8 26.1 25.9 26.7 26.6 26.1 26.1 26.4 26.4 26 25.8 
1.6125 1.5625 2.6125 1.8625 2.4125 2.6625 3.5125 2.8625 3.7125 4.3625 4.2125 4.4625 4.7125 5.1625 4.8125 4.7625 5.4125 5.9625 6.2125 6.3625 6.0125 7.5125 8.4125 9.5125 10.8125 11.5125 12.2125 14.1125 14.5125 15.6125 16.4125 17.6125 18.6125 19.6125 20.6125 22.3125 23.1125 23.3125 24.6125 25.5125 26.5125 26.8125 26.3125 26.1125 27.0125 26.9125 26.4125 27.0125 27.0125 26.8125 26.8125 26.6125 26.7125 26.8125 26.7125 26.5125 26.6125 26.7125 27.1125 26.8125 26.9125 26.3125 26.2125 26.8125 26.5125 27.0125 26.6125 26.6125 26.2125 27.1125 26.3125 26.2125 26.0125 26.3125 27.0125 26.2125 26.4125 26.4125 27.1125 26.9125 
1.65 2.1 2.85 2.3 3.35 3 3.35 3.6 3.25 3.6 4.45 4.5 4.35 5.1 5.55 5.1 5.55 6.6 6.15 6.3 6.55 7.95 8.85 9.85 11.25 12.25 12.75 13.85 15.35 16.25 16.25 17.75 18.75 20.05 21.15 22.15 22.95 24.45 25.25 25.75 26.95 26.85 26.75 26.65 26.55 26.95 26.85 26.95 26.55 26.55 27.25 27.15 26.65 27.15 26.35 26.65 26.45 27.35 26.55 26.65 26.85 26.85 27.05 26.55 27.05 27.45 26.45 26.85 26.85 27.45 26.85 27.35 26.35 27.05 26.85 27.15 27.15 27.15 26.35 26.25 
1.6125 2.1625 2.6125 2.7625 2.8125 3.6625 4.1125 3.2625 4.6125 4.1625 4.4125 4.8625 5.4125 4.9625 5.4125 6.1625 6.1125 6.2625 6.9125 6.4625 7.5125 7.7125 9.3125 10.4125 12.0125 12.0125 14.0125 14.5125 14.9125 15.8125 16.5125 18.6125 19.4125 20.5125 22.2125 22.4125 23.4125 23.7125 24.6125 27.2125 27.4125 27.1125 27.4125 26.7125 27.5125 26.7125 27.3125 26.8125 26.9125 27.4125 26.7125 27.3125 27.6125 27.2125 27.4125 27.0125 26.9125 27.5125 27.5125 27.0125 27.3125 27.5125 26.7125 27.2125 27.7125 26.9125 27.0125 26.9125 27.6125 27.4125 27.0125 26.8125 26.8125 27.6125 26.9125 27.2125 27.1125 27.4125 27.5125 27.4125 
2 3.05 2.5 3.95 4 3.45 4.6 4.45 4.5 4.95 5.2 5.75 6.2 5.55 6.1 6.95 7.2 7.15 6.7 6.75 7.5 9 10.2 11.1 11.7 12.2 14.1 14.8 15.3 16.5 17.7 19 19.6 21.2 22.1 23.1 23.7 25.2 26.1 27 26.9 28.2 27.3 27.7 27.4 27 27.3 27.4 27.4 27.7 27.8 28.1 27.1 27.9 27.9 27.1 26.8 27.7 27.8 27.1 26.8 27.2 27 28.1 28.1 27.4 27.8 27.4 27.1 27.6 27 27.3 28.1 27.6 27.1 27.8 27.4 27.9 28.2 28.2 
2.4125 2.4625 2.8125 4.2625 4.5125 3.8625 4.1125 4.1625 5.6125 4.8625 5.1125 5.4625 5.3125 6.5625 6.0125 6.5625 7.4125 7.0625 7.0125 7.9625 7.9125 9.0125 9.2125 10.9125 12.5125 12.9125 13.3125 14.7125 15.5125 16.6125 18.7125 20.0125 20.4125 21.0125 21.4125 23.7125 24.0125 24.8125 26.8125 27.5125 28.4125 28.4125 27.4125 27.7125 28.4125 28.0125 27.3125 27.8125 28.3125 27.6125 27.7125 28.6125 28.1125 27.3125 28.1125 28.5125 28.2125 27.7125 27.9125 27.9125 28.3125 28.2125 27.1125 27.6125 27.3125 28.2125 28.1125 27.3125 27.2125 27.8125 27.6125 27.1125 28.2125 28.4125 27.4125 28.4125 28.0125 28.5125 27.8125 28.6125 
3.25 3.4 3.15 4.1 3.65 5 4.65 4.2 4.65 4.7 6.35 5.8 5.85 6.4 6.35 7 6.75 7.4 7.15 8.5 9.25 9.05 10.85 11.65 12.75 13.15 14.75 15.15 16.85 17.05 17.65 20.45 20.25 21.75 22.55 23.25 25.25 25.65 27.15 27.75 28.35 29.05 28.65 28.25 27.85 28.85 27.75 28.55 28.15 28.55 29.05 28.55 28.65 27.75 28.55 27.65 27.75 27.85 27.85 28.75 27.45 28.75 27.85 28.65 28.55 27.95 27.45 27.65 28.05 28.95 28.45 28.65 28.65 27.65 29.05 28.75 29.05 28.55 28.85 28.35 
3.6125 4.1625 3.8125 3.5625 3.9125 5.3625 5.5125 5.4625 6.0125 5.3625 6.6125 6.0625 6.4125 7.0625 7.5125 6.5625 8.5125 8.3625 8.1125 7.8625 9.2125 9.6125 11.1125 12.2125 12.6125 13.4125 15.7125 15.1125 16.1125 17.7125 19.9125 20.4125 20.9125 21.9125 23.1125 24.8125 25.2125 26.1125 26.5125 28.8125 28.4125 29.1125 28.2125 29.1125 29.1125 28.0125 28.2125 28.1125 28.2125 28.3125 28.1125 28.7125 29.4125 28.2125 29.1125 28.0125 28.5125 28.6125 29.5125 29.1125 28.5125 28.3125 28.3125 27.9125 29.2125 28.4125 28.6125 29.0125 28.2125 29.3125 28.3125 29.2125 29.2125 29.5125 29.2125 28.3125 28.8125 27.8125 29.0125 29.3125 
4.3 3.75 4.3 5.65 4.4 5.95 5.9 5.05 6 7.15 6.3 7.05 7.1 6.55 7.6 7.15 7.4 7.65 8.2 9.55 8.5 11.4 10.9 12.6 13.2 15 14.7 16.7 16.7 18.5 19.6 19.7 21.6 21.6 22.2 24.8 25.4 27 27.6 28.6 28.6 28.2 29.5 29.6 28.9 29.1 29.6 29.5 29.4 28.4 29.7 29.8 29.2 28.4 28.5 28.4 29.9 28.6 29.4 29.7 29.2 28.5 28.8 29.2 28.2 29.7 28.9 29.4 29.4 29.4 29.5 29.6 29.8 29.8 29.4 29.4 28.3 29.7 29.2 29 
5.3125 5.2625 4.5125 6.2625 6.0125 5.2625 6.1125 5.6625 6.8125 7.2625 7.7125 8.0625 7.5125 8.1625 7.8125 8.7625 9.3125 9.5625 9.1125 8.6625 9.9125 10.3125 12.7125 13.3125 13.9125 13.9125 16.0125 17.2125 18.0125 18.8125 20.3125 20.5125 20.7125 22.2125 23.6125 24.8125 26.0125 26.2125 28.7125 29.2125 29.3125 28.7125 30.1125 30.4125 29.7125 29.9125 29.5125 29.3125 29.0125 30.0125 29.5125 29.9125 30.3125 29.3125 30.5125 30.0125 28.9125 29.2125 29.2125 29.6125 28.6125 29.0125 29.4125 30.2125 29.9125 29.7125 30.3125 29.4125 29.6125 29.5125 29.3125 29.4125 29.1125 29.3125 29.5125 29.0125 30.0125 29.3125 29.1125 29.4125 
4.45 5.4 5.75 5.7 6.45 6.8 5.75 5.8 6.95 7.3 7.15 8 7.05 8.6 8.25 9.4 9.35 10.2 9.25 9.1 9.15 11.95 13.25 14.35 15.45 15.15 16.25 17.15 19.05 18.35 21.45 22.25 21.95 22.65 24.75 25.05 26.05 27.15 28.45 28.75 30.75 29.25 29.85 29.45 29.95 29.75 30.45 29.65 30.75 30.65 30.25 29.15 29.55 29.85 30.05 30.75 29.25 30.85 30.35 30.25 29.65 30.75 30.85 29.85 30.45 29.65 29.25 30.05 29.65 30.55 30.85 29.55 30.05 30.45 30.95 30.75 30.05 29.75 30.65 29.25 
6.4125 4.8625 6.2125 6.0625 6.9125 7.3625 7.6125 7.1625 7.8125 7.6625 7.8125 7.5625 8.7125 8.8625 8.1125 8.6625 10.5125 10.2625 9.7125 9.9625 10.2125 11.4125 13.3125 13.7125 14.5125 15.9125 17.6125 17.2125 18.9125 19.7125 21.5125 22.6125 22.9125 23.6125 23.9125 26.0125 25.6125 27.7125 28.4125 29.6125 31.3125 31.1125 29.7125 29.9125 29.9125 30.5125 31.3125 31.0125 29.6125 31.4125 31.5125 30.5125 30.8125 31.0125 31.1125 29.8125 29.9125 30.9125 30.4125 30.3125 30.7125 31.1125 30.0125 31.1125 31.1125 29.7125 29.8125 29.6125 29.9125 30.0125 29.9125 31.4125 30.6125 30.5125 30.3125 29.7125 31.4125 30.5125 31.3125 31.1125 
